0
0
0
0
0
0
0
0
0
0
0
0
0
0
0
0
0
0
0
0
0
0
0
0
0
0
0
0
0
0
0
0
0
0
0
0
0
0
0
0
0
0
0
0
0
0
0
0
0
0
0
0
0
0
0
0
0
0
0
0
0
0
0
0
0
0
0
0
0
0
0
0
0
0 0
0 0
0 0
0 0
0 0
0 0
0 0
0 0
0 0
0 0
0 0
0 0
0 0
0 0
0 0
0 0
0 0
0 0
0 0
0 0
0 0
1 0
-1 0 0 100 100
-1 0 0 100 100
-1 0 0 100 100
-1 0 0 100 100
-1 0 0 100 100
-1 0 0 100 100
-1 0 0 100 100
-1 0 0 100 100
-1 0 0 100 100
-1 0 0 100 100
-1 0 0 100 100
-1 0 0 100 100
-1 0 0 100 100
-1 0 0 100 100
-1 0 0 100 100
-1 0 0 100 100
-1 0 0 100 100
-1 0 0 100 100
0 0 0.000000
0 0 0.000000
0 0 0.000000
0 0 0.000000
0 0 0.000000
0 0 0.000000
0
0
0
0
0
0
0
0
0
0
0
0
0
0
0
0
0
0
0
0
0
0
0
0
0
0
0
0
0
0
0
0
0
0
0
0
0
0
0
0
0
0
0
0
0
0
0
0
0
0
0
0
1
