0
0
0
1
0
0
0
0
0
1
0
1
0
0
0
1
0
0
0
0
0
1
0
0
0
0
0
0
0
0
0
0
0
0
0
0
0
0
0
0
0
1 2
1 2
0 4
1 2
0 0
1 4
0 0
0 2
0 0
1 2
0 0
1 0
0 0
0 0
10 1 10 100 100
-1 0 0 100 100
-1 0 0 100 100
-1 0 0 100 100
10 1 10 100 100
-1 0 0 100 100
10 1 10 100 100
-1 0 0 100 100
-1 0 0 100 100
-1 0 0 100 100
-1 0 0 100 100
-1 0 0 100 100
-1 0 0 100 100
-1 0 0 100 100
10 1 10 100 100
-1 1 9 100 100
10 1 10 100 100
-1 0 0 100 100
-1 0 0 100 100
-1 0 0 100 100
-1 0 0 100 100
-1 0 0 100 100
-1 0 0 100 100
-1 0 0 100 100
-1 0 0 100 100
-1 0 0 100 100
-1 0 0 100 100
-1 0 0 100 100
-1 0 0 100 100
-1 0 0 100 100
-1 0 0 100 100
-1 0 0 100 100
-1 0 0 100 100
8
